-1.173966e-01
-1.207002e-01
-1.214323e-01
-1.232588e-01
-1.436742e-01
-1.453945e-01
-1.448723e-01
-1.396093e-01
-1.236402e-01
-1.278985e-01
-1.288263e-01
-1.308539e-01
-1.466246e-01
-1.484984e-01
-1.478260e-01
-1.413912e-01
-1.278265e-01
-1.327609e-01
-1.338185e-01
-1.358495e-01
-1.480537e-01
-1.498917e-01
-1.491122e-01
-1.419944e-01
-1.301628e-01
-1.354510e-01
-1.365675e-01
-1.384757e-01
-1.479297e-01
-1.496193e-01
-1.487831e-01
-1.414354e-01
-1.307656e-01
-1.360595e-01
-1.371629e-01
-1.388688e-01
-1.461922e-01
-1.476704e-01
-1.468318e-01
-1.396801e-01
-1.296252e-01
-1.346056e-01
-1.356274e-01
-1.370809e-01
-1.427452e-01
-1.439799e-01
-1.431933e-01
-1.366149e-01
-1.266881e-01
-1.310390e-01
-1.319164e-01
-1.330850e-01
-1.374501e-01
-1.384259e-01
-1.377430e-01
-1.320925e-01
-1.218119e-01
-1.252376e-01
-1.259167e-01
-1.267771e-01
-1.301188e-01
-1.308272e-01
-1.302938e-01
-1.258982e-01
-1.174019e-01
-1.207023e-01
-1.214339e-01
-1.232606e-01
-1.436796e-01
-1.453963e-01
-1.448737e-01
-1.396099e-01
-1.236468e-01
-1.279009e-01
-1.288280e-01
-1.308558e-01
-1.466291e-01
-1.485003e-01
-1.478273e-01
-1.413915e-01
-1.278339e-01
-1.327633e-01
-1.338202e-01
-1.358514e-01
-1.480576e-01
-1.498936e-01
-1.491136e-01
-1.419945e-01
-1.301706e-01
-1.354535e-01
-1.365692e-01
-1.384775e-01
-1.479330e-01
-1.496211e-01
-1.487844e-01
-1.414356e-01
-1.307732e-01
-1.360620e-01
-1.371646e-01
-1.388706e-01
-1.461951e-01
-1.476722e-01
-1.468331e-01
-1.396803e-01
-1.296326e-01
-1.346081e-01
-1.356291e-01
-1.370826e-01
-1.427477e-01
-1.439816e-01
-1.431946e-01
-1.366151e-01
-1.266949e-01
-1.310413e-01
-1.319180e-01
-1.330867e-01
-1.374524e-01
-1.384276e-01
-1.377444e-01
-1.320930e-01
-1.218177e-01
-1.252397e-01
-1.259183e-01
-1.267788e-01
-1.301209e-01
-1.308289e-01
-1.302952e-01
-1.258989e-01
-1.174086e-01
-1.207080e-01
-1.214396e-01
-1.232687e-01
-1.436860e-01
-1.454017e-01
-1.448784e-01
-1.396095e-01
-1.236538e-01
-1.279066e-01
-1.288338e-01
-1.308634e-01
-1.466355e-01
-1.485058e-01
-1.478319e-01
-1.413908e-01
-1.278411e-01
-1.327691e-01
-1.338260e-01
-1.358585e-01
-1.480637e-01
-1.498990e-01
-1.491181e-01
-1.419938e-01
-1.301780e-01
-1.354593e-01
-1.365749e-01
-1.384843e-01
-1.479391e-01
-1.496265e-01
-1.487889e-01
-1.414349e-01
-1.307806e-01
-1.360678e-01
-1.371704e-01
-1.388771e-01
-1.462010e-01
-1.476777e-01
-1.468377e-01
-1.396800e-01
-1.296399e-01
-1.346139e-01
-1.356348e-01
-1.370889e-01
-1.427536e-01
-1.439871e-01
-1.431992e-01
-1.366153e-01
-1.267020e-01
-1.310471e-01
-1.319237e-01
-1.330928e-01
-1.374582e-01
-1.384330e-01
-1.377491e-01
-1.320937e-01
-1.218245e-01
-1.252454e-01
-1.259239e-01
-1.267847e-01
-1.301266e-01
-1.308343e-01
-1.303000e-01
-1.259004e-01
-1.174165e-01
-1.207172e-01
-1.214494e-01
-1.232832e-01
-1.436935e-01
-1.454108e-01
-1.448865e-01
-1.396082e-01
-1.236613e-01
-1.279159e-01
-1.288437e-01
-1.308767e-01
-1.466436e-01
-1.485148e-01
-1.478398e-01
-1.413892e-01
-1.278484e-01
-1.327783e-01
-1.338359e-01
-1.358709e-01
-1.480723e-01
-1.499081e-01
-1.491258e-01
-1.419921e-01
-1.301851e-01
-1.354685e-01
-1.365848e-01
-1.384960e-01
-1.479479e-01
-1.496356e-01
-1.487966e-01
-1.414333e-01
-1.307877e-01
-1.360770e-01
-1.371802e-01
-1.388883e-01
-1.462100e-01
-1.476868e-01
-1.468454e-01
-1.396792e-01
-1.296471e-01
-1.346231e-01
-1.356445e-01
-1.370997e-01
-1.427627e-01
-1.439962e-01
-1.432071e-01
-1.366152e-01
-1.267094e-01
-1.310563e-01
-1.319334e-01
-1.331033e-01
-1.374674e-01
-1.384422e-01
-1.377572e-01
-1.320947e-01
-1.218322e-01
-1.252546e-01
-1.259335e-01
-1.267948e-01
-1.301358e-01
-1.308435e-01
-1.303084e-01
-1.259029e-01
-1.174275e-01
-1.207303e-01
-1.214632e-01
-1.233011e-01
-1.437041e-01
-1.454238e-01
-1.448988e-01
-1.396122e-01
-1.236716e-01
-1.279289e-01
-1.288575e-01
-1.308935e-01
-1.466550e-01
-1.485279e-01
-1.478519e-01
-1.413931e-01
-1.278581e-01
-1.327913e-01
-1.338497e-01
-1.358869e-01
-1.480843e-01
-1.499211e-01
-1.491378e-01
-1.419959e-01
-1.301945e-01
-1.354814e-01
-1.365985e-01
-1.385114e-01
-1.479602e-01
-1.496486e-01
-1.488085e-01
-1.414373e-01
-1.307974e-01
-1.360899e-01
-1.371939e-01
-1.389032e-01
-1.462227e-01
-1.476998e-01
-1.468573e-01
-1.396839e-01
-1.296569e-01
-1.346360e-01
-1.356582e-01
-1.371143e-01
-1.427756e-01
-1.440093e-01
-1.432192e-01
-1.366205e-01
-1.267195e-01
-1.310693e-01
-1.319470e-01
-1.331176e-01
-1.374804e-01
-1.384554e-01
-1.377695e-01
-1.321009e-01
-1.218428e-01
-1.252676e-01
-1.259470e-01
-1.268089e-01
-1.301489e-01
-1.308567e-01
-1.303209e-01
-1.259103e-01
-1.201396e-01
-1.255642e-01
-1.258280e-01
-1.228602e-01
-1.247332e-01
-1.310497e-01
-1.313553e-01
-1.278387e-01
-1.279105e-01
-1.343552e-01
-1.346611e-01
-1.310227e-01
-1.298369e-01
-1.355866e-01
-1.358515e-01
-1.325750e-01
-1.201511e-01
-1.255667e-01
-1.258296e-01
-1.228611e-01
-1.247455e-01
-1.310524e-01
-1.313569e-01
-1.278395e-01
-1.279234e-01
-1.343579e-01
-1.346627e-01
-1.310235e-01
-1.298502e-01
-1.355892e-01
-1.358530e-01
-1.325759e-01
-1.201592e-01
-1.255724e-01
-1.258346e-01
-1.228628e-01
-1.247540e-01
-1.310582e-01
-1.313619e-01
-1.278406e-01
-1.279320e-01
-1.343637e-01
-1.346677e-01
-1.310242e-01
-1.298587e-01
-1.355949e-01
-1.358580e-01
-1.325764e-01
-1.201640e-01
-1.255813e-01
-1.258433e-01
-1.228652e-01
-1.247586e-01
-1.310670e-01
-1.313704e-01
-1.278418e-01
-1.279363e-01
-1.343725e-01
-1.346762e-01
-1.310246e-01
-1.298625e-01
-1.356037e-01
-1.358665e-01
-1.325763e-01
-1.201704e-01
-1.255939e-01
-1.258560e-01
-1.228725e-01
-1.247645e-01
-1.310796e-01
-1.313830e-01
-1.278481e-01
-1.279417e-01
-1.343850e-01
-1.346888e-01
-1.310301e-01
-1.298675e-01
-1.356163e-01
-1.358792e-01
-1.325814e-01
-8.692796e-02
-8.673077e-02
-8.672348e-02
-8.672352e-02
-9.376672e-02
-9.357631e-02
-9.356548e-02
-9.356551e-02
-9.706665e-02
-9.693668e-02
-9.692562e-02
-9.692569e-02
-9.700079e-02
-9.691795e-02
-9.690867e-02
-9.690880e-02
-8.692748e-02
-8.673214e-02
-8.672489e-02
-8.672492e-02
-9.376760e-02
-9.357776e-02
-9.356697e-02
-9.356699e-02
-9.706816e-02
-9.693815e-02
-9.692712e-02
-9.692718e-02
-9.700228e-02
-9.691941e-02
-9.691014e-02
-9.691027e-02
-8.693229e-02
-8.673736e-02
-8.673012e-02
-8.673014e-02
-9.377292e-02
-9.358323e-02
-9.357244e-02
-9.357246e-02
-9.707363e-02
-9.694363e-02
-9.693260e-02
-9.693265e-02
-9.700771e-02
-9.692484e-02
-9.691558e-02
-9.691570e-02
-8.694253e-02
-8.674656e-02
-8.673930e-02
-8.673932e-02
-9.378271e-02
-9.359272e-02
-9.358192e-02
-9.358193e-02
-9.708306e-02
-9.695312e-02
-9.694209e-02
-9.694213e-02
-9.701709e-02
-9.693427e-02
-9.692501e-02
-9.692513e-02
-8.695738e-02
-8.675992e-02
-8.675263e-02
-8.675264e-02
-9.379666e-02
-9.360624e-02
-9.359541e-02
-9.359542e-02
-9.709650e-02
-9.696663e-02
-9.695558e-02
-9.695562e-02
-9.703052e-02
-9.694774e-02
-9.693847e-02
-9.693859e-02
-1.237621e-01
-1.450353e-01
-1.476626e-01
-1.336889e-01
-6.723978e-02
-8.821309e-02
-1.196066e-01
-5.589355e-02
-1.088177e-01
-1.274211e-01
-1.303200e-01
-1.198283e-01
-6.761787e-02
-1.014870e-01
-1.115774e-01
-5.349772e-02
-8.339348e-02
-9.950770e-02
-1.028058e-01
-9.648637e-02
-6.829112e-02
-9.439930e-02
-5.002029e-02
-8.738293e-02
-1.028832e-01
-1.070188e-01
-1.056983e-01
-9.143287e-02
-1.297044e-01
-1.039388e-01
-6.268619e-02
-7.327093e-02
-8.789169e-02
-9.284214e-02
-9.719494e-02
-9.561166e-02
-7.619444e-02
-7.499397e-02
-8.989898e-02
-9.486682e-02
-9.908785e-02
-9.691693e-02
-1.056754e-01
-1.236532e-01
-1.279210e-01
-1.249348e-01
-1.001014e-01
-1.018134e-01
-1.148924e-01
-8.209712e-02
-1.269611e-01
-1.485372e-01
-1.515159e-01
-1.396165e-01
-7.833789e-02
-7.763361e-02
-1.195773e-01
-6.857229e-02
-1.308378e-01
-1.516800e-01
-1.533532e-01
-1.377906e-01
-6.487286e-02
-6.311282e-02
-1.129876e-01
-5.929406e-02
-1.187387e-01
-1.348348e-01
-1.351172e-01
-1.211361e-01
-5.205521e-02
-5.024282e-02
-9.546860e-02
-4.939167e-02
-1.237789e-01
-1.450409e-01
-1.476646e-01
-1.336878e-01
-6.723696e-02
-8.821447e-02
-1.196142e-01
-5.589086e-02
-1.088316e-01
-1.274262e-01
-1.303221e-01
-1.198279e-01
-6.761572e-02
-1.014890e-01
-1.115809e-01
-5.349531e-02
-8.340282e-02
-9.951118e-02
-1.028069e-01
-9.648557e-02
-6.828985e-02
-9.439317e-02
-5.001826e-02
-8.739411e-02
-1.028876e-01
-1.070211e-01
-1.056995e-01
-9.143256e-02
-1.297067e-01
-1.039354e-01
-6.268458e-02
-7.327886e-02
-8.789488e-02
-9.284346e-02
-9.719612e-02
-9.560332e-02
-7.619362e-02
-7.500223e-02
-8.990222e-02
-9.486815e-02
-9.908900e-02
-9.691026e-02
-1.056887e-01
-1.236582e-01
-1.279233e-01
-1.249358e-01
-1.001005e-01
-1.018139e-01
-1.148964e-01
-8.209593e-02
-1.269785e-01
-1.485428e-01
-1.515180e-01
-1.396157e-01
-7.833532e-02
-7.763393e-02
-1.195869e-01
-6.857022e-02
-1.308548e-01
-1.516855e-01
-1.533550e-01
-1.377892e-01
-6.486973e-02
-6.311309e-02
-1.129987e-01
-5.929186e-02
-1.187530e-01
-1.348389e-01
-1.351182e-01
-1.211345e-01
-5.205207e-02
-5.024290e-02
-9.547842e-02
-4.938967e-02
-1.237902e-01
-1.450475e-01
-1.476684e-01
-1.336841e-01
-6.723837e-02
-8.821705e-02
-1.196127e-01
-5.589162e-02
-1.088420e-01
-1.274327e-01
-1.303263e-01
-1.198262e-01
-6.761768e-02
-1.014910e-01
-1.115792e-01
-5.349612e-02
-8.340808e-02
-9.951363e-02
-1.028076e-01
-9.648310e-02
-6.829178e-02
-9.438755e-02
-5.001818e-02
-8.740346e-02
-1.028942e-01
-1.070265e-01
-1.057031e-01
-9.143506e-02
-1.297076e-01
-1.039345e-01
-6.268554e-02
-7.328363e-02
-8.789746e-02
-9.284560e-02
-9.720121e-02
-9.560048e-02
-7.619386e-02
-7.500711e-02
-8.990482e-02
-9.487027e-02
-9.909416e-02
-9.690979e-02
-1.056988e-01
-1.236649e-01
-1.279285e-01
-1.249379e-01
-1.001018e-01
-1.018157e-01
-1.148981e-01
-8.209702e-02
-1.269899e-01
-1.485495e-01
-1.515221e-01
-1.396129e-01
-7.833608e-02
-7.763665e-02
-1.195874e-01
-6.857110e-02
-1.308660e-01
-1.516920e-01
-1.533585e-01
-1.377846e-01
-6.487034e-02
-6.311605e-02
-1.129992e-01
-5.929271e-02
-1.187619e-01
-1.348433e-01
-1.351201e-01
-1.211291e-01
-5.205199e-02
-5.024501e-02
-9.547816e-02
-4.939002e-02
-1.237959e-01
-1.450552e-01
-1.476739e-01
-1.336780e-01
-6.724402e-02
-8.822084e-02
-1.196020e-01
-5.589583e-02
-1.088487e-01
-1.274408e-01
-1.303327e-01
-1.198234e-01
-6.762375e-02
-1.014931e-01
-1.115725e-01
-5.350016e-02
-8.340927e-02
-9.951503e-02
-1.028080e-01
-9.647893e-02
-6.829691e-02
-9.438239e-02
-5.002005e-02
-8.741101e-02
-1.029028e-01
-1.070350e-01
-1.057089e-01
-9.144036e-02
-1.297073e-01
-1.039362e-01
-6.268908e-02
-7.328525e-02
-8.789944e-02
-9.284854e-02
-9.721022e-02
-9.560310e-02
-7.619510e-02
-7.500860e-02
-8.990677e-02
-9.487318e-02
-9.910332e-02
-9.691552e-02
-1.057058e-01
-1.236734e-01
-1.279367e-01
-1.249413e-01
-1.001050e-01
-1.018189e-01
-1.148976e-01
-8.210037e-02
-1.269954e-01
-1.485573e-01
-1.515281e-01
-1.396079e-01
-7.834017e-02
-7.764175e-02
-1.195788e-01
-6.857495e-02
-1.308715e-01
-1.516995e-01
-1.533638e-01
-1.377770e-01
-6.487470e-02
-6.312170e-02
-1.129890e-01
-5.929664e-02
-1.187653e-01
-1.348481e-01
-1.351229e-01
-1.211197e-01
-5.205497e-02
-5.024916e-02
-9.546783e-02
-4.939270e-02
-1.238015e-01
-1.450659e-01
-1.476837e-01
-1.336783e-01
-6.725127e-02
-8.822519e-02
-1.195957e-01
-5.590176e-02
-1.088561e-01
-1.274520e-01
-1.303432e-01
-1.198264e-01
-6.763119e-02
-1.014957e-01
-1.115708e-01
-5.350585e-02
-8.340892e-02
-9.951661e-02
-1.028094e-01
-9.647677e-02
-6.830223e-02
-9.438092e-02
-5.002268e-02
-8.741994e-02
-1.029148e-01
-1.070475e-01
-1.057193e-01
-9.144655e-02
-1.297077e-01
-1.039442e-01
-6.269409e-02
-7.328572e-02
-8.790163e-02
-9.285214e-02
-9.721931e-02
-9.560925e-02
-7.619677e-02
-7.500886e-02
-8.990891e-02
-9.487675e-02
-9.911256e-02
-9.692400e-02
-1.057136e-01
-1.236849e-01
-1.279488e-01
-1.249495e-01
-1.001095e-01
-1.018230e-01
-1.149014e-01
-8.210508e-02
-1.270006e-01
-1.485680e-01
-1.515383e-01
-1.396090e-01
-7.834596e-02
-7.764759e-02
-1.195737e-01
-6.858037e-02
-1.308769e-01
-1.517100e-01
-1.533734e-01
-1.377760e-01
-6.488089e-02
-6.312804e-02
-1.129820e-01
-5.930216e-02
-1.187683e-01
-1.348549e-01
-1.351287e-01
-1.211157e-01
-5.205920e-02
-5.025351e-02
-9.545959e-02
-4.939647e-02
-1.601835e-02
-1.766387e-02
-2.359007e-02
-4.369738e-02
-1.296129e-02
-1.453833e-02
-1.998953e-02
-3.670749e-02
-1.198568e-02
-1.350203e-02
-1.865484e-02
-3.390145e-02
-1.720820e-02
-1.877482e-02
-2.445416e-02
-4.397249e-02
-2.272011e-02
-2.423007e-02
-2.987625e-02
-5.001099e-02
-3.423143e-02
-3.513261e-02
-3.786539e-02
-4.454408e-02
-5.550700e-02
-5.263727e-02
-2.327385e-02
-2.581606e-02
-3.786797e-02
-3.823078e-02
-3.895611e-02
-3.927800e-02
-3.434195e-02
-3.005160e-02
-1.339708e-02
-1.497594e-02
